20
5 7
1100001
0110011
0011110
1001001
0101101
2 4
1010
1101
1 1
0
4 3
111
010
101
110
1 1
1
1 7
1111101
4 4
0001
0000
0000
0000
100 100
1010110101101011010110101101011010110101101011010110101101011010110101101011010110101101011010110101
1010110101101011111110101101011010110101101011011110101101011010110101101011010110101101011010110101
1010110101101011010110101101011010110101101011010110101101011010110101101011010110101101011010110101
1010110101101011010110101101011010110101101011010110101101011010110101101011010110101101011010110101
1010110101101011010110101101011010110101101011010110101101011010110101101011010110101101011010110101
1010110101101011010110101101011010110101101011010110101101011010110101101011010110101101011010110101
1010110101101011010110101101011010110101101011010110101101011010110101101011010110101101011010110101
1010110101101011010110101101011010110101101011010110101101011010110101101011010110101101011010110101
1010110101101011010110101101011010110101101011010110101101011010110101101011010110101101011010110101
1010110101101011010110101101011010110101101011010110101101011010110101101011010110101101011010110101
1010110101101011010110101101011010110101101011010110101101011010110101101011010110101101011010110101
1010110101101011010110101101011010110101101011010110101101011010110101101011010110101101011010110101
1010110101101011010110101101011010110101101011010110101101011010110101101011010110101101011010110101
1010110101101011010110101101011010110101101011010110101101011010110101101011010110101101011010110101
1010110101101011010110101101011010110101101011010110101101011010110101101011010110101101011010110101
1010110101101011010110101101011010110101101011010110101101011010110101101011010110101101011010110101
1010110101101011010110101101011010110101101011010110101101011010110101101011010110101101011010110101
1010110101101011010110101101011010110101101011010110101101011010110101101011010110101101011010110101
1010110101101011010110101101011010110101101011010110101101011010110111101011010110101101011010110101
1010110101101111010110101101011010110101101011010110101101011010110101101011010110101101011010110101
1010110101101011010110101101011010110101101011010110101101011010110101101011010110101101011010110101
1010110101101011010110101101011010110101101011010110101101011010110101101011010110101101011010110101
1010110101101011010110101101011010110101101011010110101101011010110101101011010110101101011010110101
1010110101101011010110101101011010110101101011011110101101011010110101101011010110101101011010110101
1010110101101011010110101101011010110101101011010110101101011010110101101011010110101101011010110101
1010110101101011010110101101011010110101101011010110101101011010110101101011010110101101011010110101
1010110101101011010110101101011010110101101011010110101101011010110101101011010110101101011010110101
1010110101101011010110101101011010110101101011010110101101011010110101101011010110101101011010110101
1010110101101011010110101101011010110101101011010110101101011010110101101011010110101101011010110101
1010110101101011010110101101011010110101101011010110101101011010110101101011010110101101011010110101
1010110101101011010110101101011010110101101011010110101101011010110101101011010110101101011010110101
1010110101101011010110101101011010110101101011010110101101011010110101101011010110101101011010110101
1010110101101011010110101101011010110101101011010110101101011010110101101011010110101101011010110101
1010110101101011010110101101111010110101101011010110101101011010110101101011010110101101011010110101
1010110101101011010110101101011010110101101011010110101101011010110101101011010110101101011010110101
1010110101101011010110101101011010110101101011010110101101011010110101101011010110101101011010110101
1010110101101011010110101101011010110101101011010110101101011010110101101011010110101101011010110101
1010110101101011010110101101011010110101101011010110101101011010110101101011010110101101011010110101
1010110101101011010110101101011010110101101011010110101101011010110101101011010110101101011010110101
1010110101101011010110101101011010110101101011010110101101011010110101101011010110101101011010110101
1010110101101011010110101101011010110101101011010110101101011010110101101011010110101101011010110101
1010110101101011010110101101011010110101101011010110101101011010110101101011010110101101011010110101
1010110101101011010110101101011010110101101011010110101101011010110101101011010110101101011010110101
1010110101101011010110101101011010110101101011010110101101011010110101101011010110101101011010110101
1010110101101011010110101101011010110101101011010110101101011010110101101011010110101101011010110101
1010110101101011010110101101011010110101101011010110101101011010110101101011010110101101011010110101
1010110101101011010110101101011010110101101011010110101101011010110101101011010110101101011010110101
1010110101101011010110101101011010110101101011010110101101011010110101101011010110101101011010110101
1010110101101011010110101101011010110101101011010110101101011010110101101011010110101101011010110101
1010110101101011010110101101011010110101101011010110101101011010110101101011010110101101011010110101
1010110101101011010110101101011010110101101011010110101101011010110101101011010110101101011010110101
1010110101101011010110101101011010110101101011010110101101011010110101101011010110101101011010110101
1010110101101011010110101101011010110101101011010110101101011010110101101011010110101101011010110101
1010110101101011010110101101011010110101101011010110101101011010110101101011010110101101011010110101
1010110101101011010110101101011010110101101011010110101101011010110101101011010110101101011010110101
1010110101101011010110101101011010110101101011010110101101011010110101101011010110101101011010110101
1010110101101011010110101101011010110101101011010110101101011010110101101011010110101101011010110101
1010110101101011010110101101011010110101101011010110101101011010110101101011010110101101011010110101
1010110101101011010110101101011010110101101011010110101101011010110101101011010110101101011010110101
1010110101101011010110101101011010110101101011010110101101011010110101101011010110101101011010110101
1010110101101011011111101101011010110101101011010110101101011010110101101011010110101101011010110101
1010110101101011010110101101011010110101101011010110101101011010110101101011010110101101011010110101
1010110101101011010110101101011010110101101011010110101101011010110101101011010110101101011010110101
1010110101101011010110101101011010110101101011010110101101011010110101101011010110101101011010110101
1010110101101011010110101101011010110101101011010110101101011010110101101011010110101101011010110101
1010110101101011010110101101011010110101101011010110101101011010110101101011010110101101011010110101
1010110101101011010110101101011010110101101011010110101101011010110101101011010110101101011010110101
1010110101101011010110101101011010110101101011010110101101011010110101101011010110101101011010110101
1010110101101011010110101101011010110101101011010110101101011010110101101011010110101101011010110101
1010110101101011010110101101011010110101101011010110101101011010110101101011010110101101011010110101
1010110101101011010110101101011010110101101011010110101101011010110101101011010110101101011010110101
1010110101101011010110101101011010110101101011010110101101011010110101101011010110101101011010110101
1010110101101011010110101101011010110101101011010110101101011010110101101011010110101101011010110101
1010110101101011010110101101011010110101101011010110101101011010110101101011010110101101011010110101
1010110101101011010110101101011010110101101011010110101101011010110101101011010110101101011010110101
1010110101101011010110101101011010110101101011010110101101011010110101101011010110101101011010110101
1010110101101011010110101101011010110101101011010110101101011010110101101011010110101101011010110101
1010110101101011010110101101011010110111101011010110101101011010110101101011010110101101011010110101
1010110101101011010110101101011010110101101011010110101101011010110101101011010110101101011010110101
1010110101101011010110101101011010110101101011010110101101011010110101101011010110101101011010110101
1010110101101011010110101101011010110101101011010110101101011010110101101011010110101101011010110101
1010110101101011010110101101011010110101101011010110101101011010110101101011010110101101011010110101
1010110101101011010110101101011010110101101011010110101101011010110101101011010110101101011010110101
1010110101101011010110101101011010110101101011010110101101011010110101101011010110101101011010110101
1010110101101011010110101101011010110101101011010110101101011010110101101011010110101101011010110101
1010110101101011010110101101011010110101101011010110101101011010110101101011010110101101011010110101
1010110101101011010110101101011010110101101011010110101101011010110101101011010110101101011010110101
1010110101101011010110101101011010110101101011010110101101011010110101101011010110101101011010110101
1010110101101011010110101101011010110101101011010110101101011010110101101011010110101101011010110101
1010110101101011010110101101011010110101101011010110101101011010110101101011010110101101011010110101
1010110101101011010110101101011010110101101011010110101101011010110101101011010110101101011010110101
1010110101101011010110101101011010110101101011010110101101011010110101101011010110101101011010110101
1010110101101011010110101101011011110111101011010110101101011010110101101011010110101101011010110101
1010110101101011010110101101011010110101101011010110101101011010110101101011010110101101011010110101
1010110101101011010110101101011010110101101011010110101101011010110101101011010110101101011010110101
1010110101101011010110101101011010110101101011010110101101011010110101101011010110101101011010110101
1010110101101011010110101101011010110101101011010110101101011010110101101011010110101101011010110101
1010110101101011010110101101011010110101101011010110101101011010110101101011010110101101011010110101
1010110101101011010110101101011010110101101011010110101101011010110101101011010110101101011010110101
1010110101101011010110101101011010110101101011010110101101011010110101101011010110101101011010110101
6 6
000000
000100
001010
000100
000000
000000
0 0